# ball-automatic.dat
# t           x           y           z           
 0           0           0           0           
 0.02        0.1         0.3         0           
 0.04        0.299847    0.895617    0           
 0.06        0.599235    1.78201     0           
 0.08        0.997705    2.95391     0           
 0.1         1.49465     4.40559     0           
 0.12        2.0893      6.1309      0           
 0.14        2.78076     8.12328     0           
 0.16        3.56795     10.3758     0           
 0.18        4.44968     12.8809     0           
 0.2         5.4246      15.6311     0           
 0.22        6.49122     18.6181     0           
 0.24        7.64789     21.8334     0           
 0.26        8.89285     25.2682     0           
 0.28        10.2242     28.9132     0           
 0.3         11.6399     32.7591     0           
 0.32        13.1378     36.796      0           
 0.34        14.7155     41.0137     0           
 0.36        16.3707     45.4019     0           
 0.38        18.1009     49.95       0           
 0.4         19.9033     54.647      0           
 0.42        21.7753     59.4818     0           
 0.44        23.7139     64.4432     0           
 0.46        25.7162     69.5196     0           
 0.48        27.7791     74.6992     0           
 0.5         29.8995     79.9703     0           
 0.52        32.0741     85.3209     0           
 0.54        34.2996     90.7387     0           
 0.56        36.5725     96.2117     0           
 0.58        38.8895     101.728     0           
 0.6         41.2469     107.274     0           
 0.62        43.6412     112.838     0           
 0.64        46.0686     118.408     0           
 0.66        48.5255     123.971     0           
 0.68        51.0081     129.514     0           
 0.7         53.5125     135.026     0           
 0.72        56.0351     140.494     0           
 0.74        58.5718     145.905     0           
 0.76        61.1188     151.248     0           
 0.78        63.6723     156.51      0           
 0.8         66.2283     161.68      0           
 0.82        68.7828     166.744     0           
 0.84        71.332      171.693     0           
 0.86        73.872      176.514     0           
 0.88        76.3989     181.196     0           
 0.9         78.9088     185.728     0           
 0.92        81.3979     190.098     0           
 0.94        83.8623     194.298     0           
 0.96        86.2983     198.315     0           
 0.98        88.7022     202.14      0           
 1           91.0702     205.764     0           
 1.02        93.3988     209.176     0           
 1.04        95.6843     212.368     0           
 1.06        97.9234     215.33      0           
 1.08        100.113     218.055     0           
 1.1         102.248     220.534     0           
 1.12        104.328     222.759     0           
 1.14        106.347     224.724     0           
 1.16        108.304     226.421     0           
 1.18        110.195     227.844     0           
 1.2         112.017     228.986     0           
 1.22        113.767     229.842     0           
 1.24        115.443     230.407     0           
 1.26        117.043     230.675     0           
 1.28        118.563     230.644     0           
 1.3         120.002     230.308     0           
 1.32        121.357     229.664     0           
 1.34        122.626     228.709     0           
 1.36        123.808     227.442     0           
 1.38        124.9       225.859     0           
 1.4         125.9       223.96      0           
 1.42        126.808     221.743     0           
 1.44        127.622     219.208     0           
 1.46        128.34      216.355     0           
 1.48        128.962     213.184     0           
 1.5         129.486     209.696     0           
 1.52        129.912     205.893     0           
 1.54        130.239     201.776     0           
 1.56        130.467     197.349     0           
 1.58        130.594     192.613     0           
 1.6         130.622     187.572     0           
 1.62        130.55      182.23      0           
 1.64        130.378     176.591     0           
 1.66        130.106     170.659     0           
 1.68        129.735     164.441     0           
 1.7         129.266     157.942     0           
 1.72        128.698     151.167     0           
 1.74        128.034     144.123     0           
 1.76        127.273     136.817     0           
 1.78        126.418     129.256     0           
 1.8         125.468     121.448     0           
 1.82        124.427     113.401     0           
 1.84        123.295     105.123     0           
 1.86        122.075     96.6233     0           
 1.88        120.767     87.9106     0           
 1.9         119.375     78.9945     0           
 1.92        117.9       69.8846     0           
 1.94        116.344     60.591      0           
 1.96        114.71      51.124      0           
 1.98        113.001     41.4941     0           
 2           111.218     31.7122     0           
 2.02        109.365     21.7894     0           
 2.04        107.445     11.7369     0           
 2.06        105.46      1.56617     0           
 2.08        103.414     -8.71113    0           
 2.1         103.414     -8.71113    0           
 2.12        103.414     -8.71113    0           
 2.14        103.414     -8.71113    0           
 2.16        103.414     -8.71113    0           
 2.18        103.414     -8.71113    0           
 2.2         103.414     -8.71113    0           
 2.22        103.414     -8.71113    0           
 2.24        103.414     -8.71113    0           
 2.26        103.414     -8.71113    0           
 2.28        103.414     -8.71113    0           
 2.3         103.414     -8.71113    0           
 2.32        103.414     -8.71113    0           
 2.34        103.414     -8.71113    0           
 2.36        103.414     -8.71113    0           
 2.38        103.414     -8.71113    0           
 2.4         103.414     -8.71113    0           
 2.42        103.414     -8.71113    0           
 2.44        103.414     -8.71113    0           
 2.46        103.414     -8.71113    0           
 2.48        103.414     -8.71113    0           
 2.5         103.414     -8.71113    0           
 2.52        103.414     -8.71113    0           
 2.54        103.414     -8.71113    0           
 2.56        103.414     -8.71113    0           
 2.58        103.414     -8.71113    0           
 2.6         103.414     -8.71113    0           
 2.62        103.414     -8.71113    0           
 2.64        103.414     -8.71113    0           
 2.66        103.414     -8.71113    0           
 2.68        103.414     -8.71113    0           
 2.7         103.414     -8.71113    0           
 2.72        103.414     -8.71113    0           
 2.74        103.414     -8.71113    0           
 2.76        103.414     -8.71113    0           
 2.78        103.414     -8.71113    0           
 2.8         103.414     -8.71113    0           
 2.82        103.414     -8.71113    0           
 2.84        103.414     -8.71113    0           
 2.86        103.414     -8.71113    0           
 2.88        103.414     -8.71113    0           
 2.9         103.414     -8.71113    0           
 2.92        103.414     -8.71113    0           
 2.94        103.414     -8.71113    0           
 2.96        103.414     -8.71113    0           
 2.98        103.414     -8.71113    0           
 3           103.414     -8.71113    0           
 3.02        103.414     -8.71113    0           
 3.04        103.414     -8.71113    0           
 3.06        103.414     -8.71113    0           
 3.08        103.414     -8.71113    0           
 3.1         103.414     -8.71113    0           
 3.12        103.414     -8.71113    0           
 3.14        103.414     -8.71113    0           
 3.16        103.414     -8.71113    0           
 3.18        103.414     -8.71113    0           
 3.2         103.414     -8.71113    0           
 3.22        103.414     -8.71113    0           
 3.24        103.414     -8.71113    0           
 3.26        103.414     -8.71113    0           
 3.28        103.414     -8.71113    0           
 3.3         103.414     -8.71113    0           
 3.32        103.414     -8.71113    0           
 3.34        103.414     -8.71113    0           
 3.36        103.414     -8.71113    0           
 3.38        103.414     -8.71113    0           
 3.4         103.414     -8.71113    0           
 3.42        103.414     -8.71113    0           
 3.44        103.414     -8.71113    0           
 3.46        103.414     -8.71113    0           
 3.48        103.414     -8.71113    0           
 3.5         103.414     -8.71113    0           
 3.52        103.414     -8.71113    0           
 3.54        103.414     -8.71113    0           
 3.56        103.414     -8.71113    0           
 3.58        103.414     -8.71113    0           
 3.6         103.414     -8.71113    0           
 3.62        103.414     -8.71113    0           
 3.64        103.414     -8.71113    0           
 3.66        103.414     -8.71113    0           
 3.68        103.414     -8.71113    0           
 3.7         103.414     -8.71113    0           
 3.72        103.414     -8.71113    0           
 3.74        103.414     -8.71113    0           
 3.76        103.414     -8.71113    0           
 3.78        103.414     -8.71113    0           
 3.8         103.414     -8.71113    0           
 3.82        103.414     -8.71113    0           
 3.84        103.414     -8.71113    0           
 3.86        103.414     -8.71113    0           
 3.88        103.414     -8.71113    0           
 3.9         103.414     -8.71113    0           
 3.92        103.414     -8.71113    0           
 3.94        103.414     -8.71113    0           
 3.96        103.414     -8.71113    0           
 3.98        103.414     -8.71113    0           
 4           103.414     -8.71113    0           
 4.02        103.414     -8.71113    0           
 4.04        103.414     -8.71113    0           
 4.06        103.414     -8.71113    0           
 4.08        103.414     -8.71113    0           
 4.1         103.414     -8.71113    0           
 4.12        103.414     -8.71113    0           
 4.14        103.414     -8.71113    0           
 4.16        103.414     -8.71113    0           
 4.18        103.414     -8.71113    0           
 4.2         103.414     -8.71113    0           
 4.22        103.414     -8.71113    0           
 4.24        103.414     -8.71113    0           
 4.26        103.414     -8.71113    0           
 4.28        103.414     -8.71113    0           
 4.3         103.414     -8.71113    0           
 4.32        103.414     -8.71113    0           
 4.34        103.414     -8.71113    0           
 4.36        103.414     -8.71113    0           
 4.38        103.414     -8.71113    0           
 4.4         103.414     -8.71113    0           
 4.42        103.414     -8.71113    0           
 4.44        103.414     -8.71113    0           
 4.46        103.414     -8.71113    0           
 4.48        103.414     -8.71113    0           
 4.5         103.414     -8.71113    0           
 4.52        103.414     -8.71113    0           
 4.54        103.414     -8.71113    0           
 4.56        103.414     -8.71113    0           
 4.58        103.414     -8.71113    0           
 4.6         103.414     -8.71113    0           
 4.62        103.414     -8.71113    0           
 4.64        103.414     -8.71113    0           
 4.66        103.414     -8.71113    0           
 4.68        103.414     -8.71113    0           
 4.7         103.414     -8.71113    0           
 4.72        103.414     -8.71113    0           
 4.74        103.414     -8.71113    0           
 4.76        103.414     -8.71113    0           
 4.78        103.414     -8.71113    0           
 4.8         103.414     -8.71113    0           
 4.82        103.414     -8.71113    0           
 4.84        103.414     -8.71113    0           
 4.86        103.414     -8.71113    0           
 4.88        103.414     -8.71113    0           
 4.9         103.414     -8.71113    0           
 4.92        103.414     -8.71113    0           
 4.94        103.414     -8.71113    0           
 4.96        103.414     -8.71113    0           
 4.98        103.414     -8.71113    0           
 5           103.414     -8.71113    0           
 5.02        103.414     -8.71113    0           
 5.04        103.414     -8.71113    0           
 5.06        103.414     -8.71113    0           
 5.08        103.414     -8.71113    0           
 5.1         103.414     -8.71113    0           
 5.12        103.414     -8.71113    0           
 5.14        103.414     -8.71113    0           
 5.16        103.414     -8.71113    0           
 5.18        103.414     -8.71113    0           
 5.2         103.414     -8.71113    0           
 5.22        103.414     -8.71113    0           
 5.24        103.414     -8.71113    0           
 5.26        103.414     -8.71113    0           
 5.28        103.414     -8.71113    0           
 5.3         103.414     -8.71113    0           
 5.32        103.414     -8.71113    0           
 5.34        103.414     -8.71113    0           
 5.36        103.414     -8.71113    0           
 5.38        103.414     -8.71113    0           
 5.4         103.414     -8.71113    0           
 5.42        103.414     -8.71113    0           
 5.44        103.414     -8.71113    0           
 5.46        103.414     -8.71113    0           
 5.48        103.414     -8.71113    0           
 5.5         103.414     -8.71113    0           
 5.52        103.414     -8.71113    0           
 5.54        103.414     -8.71113    0           
 5.56        103.414     -8.71113    0           
 5.58        103.414     -8.71113    0           
 5.6         103.414     -8.71113    0           
 5.62        103.414     -8.71113    0           
 5.64        103.414     -8.71113    0           
 5.66        103.414     -8.71113    0           
 5.68        103.414     -8.71113    0           
 5.7         103.414     -8.71113    0           
 5.72        103.414     -8.71113    0           
 5.74        103.414     -8.71113    0           
 5.76        103.414     -8.71113    0           
 5.78        103.414     -8.71113    0           
 5.8         103.414     -8.71113    0           
 5.82        103.414     -8.71113    0           
 5.84        103.414     -8.71113    0           
 5.86        103.414     -8.71113    0           
 5.88        103.414     -8.71113    0           
 5.9         103.414     -8.71113    0           
 5.92        103.414     -8.71113    0           
 5.94        103.414     -8.71113    0           
 5.96        103.414     -8.71113    0           
 5.98        103.414     -8.71113    0           
 6           103.414     -8.71113    0           
 6.02        103.414     -8.71113    0           
 6.04        103.414     -8.71113    0           
 6.06        103.414     -8.71113    0           
 6.08        103.414     -8.71113    0           
 6.1         103.414     -8.71113    0           
 6.12        103.414     -8.71113    0           
 6.14        103.414     -8.71113    0           
 6.16        103.414     -8.71113    0           
 6.18        103.414     -8.71113    0           
 6.2         103.414     -8.71113    0           
 6.22        103.414     -8.71113    0           
 6.24        103.414     -8.71113    0           
 6.26        103.414     -8.71113    0           
 6.28        103.414     -8.71113    0           
 6.3         103.414     -8.71113    0           
 6.32        103.414     -8.71113    0           
 6.34        103.414     -8.71113    0           
 6.36        103.414     -8.71113    0           
 6.38        103.414     -8.71113    0           
 6.4         103.414     -8.71113    0           
 6.42        103.414     -8.71113    0           
 6.44        103.414     -8.71113    0           
 6.46        103.414     -8.71113    0           
 6.48        103.414     -8.71113    0           
 6.5         103.414     -8.71113    0           
 6.52        103.414     -8.71113    0           
 6.54        103.414     -8.71113    0           
 6.56        103.414     -8.71113    0           
 6.58        103.414     -8.71113    0           
 6.6         103.414     -8.71113    0           
 6.62        103.414     -8.71113    0           
 6.64        103.414     -8.71113    0           
 6.66        103.414     -8.71113    0           
 6.68        103.414     -8.71113    0           
 6.7         103.414     -8.71113    0           
 6.72        103.414     -8.71113    0           
 6.74        103.414     -8.71113    0           
 6.76        103.414     -8.71113    0           
 6.78        103.414     -8.71113    0           
 6.8         103.414     -8.71113    0           
 6.82        103.414     -8.71113    0           
 6.84        103.414     -8.71113    0           
 6.86        103.414     -8.71113    0           
 6.88        103.414     -8.71113    0           
 6.9         103.414     -8.71113    0           
 6.92        103.414     -8.71113    0           
 6.94        103.414     -8.71113    0           
 6.96        103.414     -8.71113    0           
 6.98        103.414     -8.71113    0           
 7           103.414     -8.71113    0           
 7.02        103.414     -8.71113    0           
 7.04        103.414     -8.71113    0           
 7.06        103.414     -8.71113    0           
 7.08        103.414     -8.71113    0           
 7.1         103.414     -8.71113    0           
 7.12        103.414     -8.71113    0           
 7.14        103.414     -8.71113    0           
 7.16        103.414     -8.71113    0           
 7.18        103.414     -8.71113    0           
 7.2         103.414     -8.71113    0           
 7.22        103.414     -8.71113    0           
 7.24        103.414     -8.71113    0           
 7.26        103.414     -8.71113    0           
 7.28        103.414     -8.71113    0           
 7.3         103.414     -8.71113    0           
 7.32        103.414     -8.71113    0           
 7.34        103.414     -8.71113    0           
 7.36        103.414     -8.71113    0           
 7.38        103.414     -8.71113    0           
 7.4         103.414     -8.71113    0           
 7.42        103.414     -8.71113    0           
 7.44        103.414     -8.71113    0           
 7.46        103.414     -8.71113    0           
 7.48        103.414     -8.71113    0           
 7.5         103.414     -8.71113    0           
 7.52        103.414     -8.71113    0           
 7.54        103.414     -8.71113    0           
 7.56        103.414     -8.71113    0           
 7.58        103.414     -8.71113    0           
 7.6         103.414     -8.71113    0           
 7.62        103.414     -8.71113    0           
 7.64        103.414     -8.71113    0           
 7.66        103.414     -8.71113    0           
 7.68        103.414     -8.71113    0           
 7.7         103.414     -8.71113    0           
 7.72        103.414     -8.71113    0           
 7.74        103.414     -8.71113    0           
 7.76        103.414     -8.71113    0           
 7.78        103.414     -8.71113    0           
 7.8         103.414     -8.71113    0           
 7.82        103.414     -8.71113    0           
 7.84        103.414     -8.71113    0           
 7.86        103.414     -8.71113    0           
 7.88        103.414     -8.71113    0           
 7.9         103.414     -8.71113    0           
 7.92        103.414     -8.71113    0           
 7.94        103.414     -8.71113    0           
 7.96        103.414     -8.71113    0           
 7.98        103.414     -8.71113    0           
 8           103.414     -8.71113    0           
 8.02        103.414     -8.71113    0           
 8.04        103.414     -8.71113    0           
 8.06        103.414     -8.71113    0           
 8.08        103.414     -8.71113    0           
 8.1         103.414     -8.71113    0           
 8.12        103.414     -8.71113    0           
 8.14        103.414     -8.71113    0           
 8.16        103.414     -8.71113    0           
 8.18        103.414     -8.71113    0           
 8.2         103.414     -8.71113    0           
 8.22        103.414     -8.71113    0           
 8.24        103.414     -8.71113    0           
 8.26        103.414     -8.71113    0           
 8.28        103.414     -8.71113    0           
 8.3         103.414     -8.71113    0           
 8.32        103.414     -8.71113    0           
 8.34        103.414     -8.71113    0           
 8.36        103.414     -8.71113    0           
 8.38        103.414     -8.71113    0           
 8.4         103.414     -8.71113    0           
 8.42        103.414     -8.71113    0           
 8.44        103.414     -8.71113    0           
 8.46        103.414     -8.71113    0           
 8.48        103.414     -8.71113    0           
 8.5         103.414     -8.71113    0           
 8.52        103.414     -8.71113    0           
 8.54        103.414     -8.71113    0           
 8.56        103.414     -8.71113    0           
 8.58        103.414     -8.71113    0           
 8.6         103.414     -8.71113    0           
 8.62        103.414     -8.71113    0           
 8.64        103.414     -8.71113    0           
 8.66        103.414     -8.71113    0           
 8.68        103.414     -8.71113    0           
 8.7         103.414     -8.71113    0           
 8.72        103.414     -8.71113    0           
 8.74        103.414     -8.71113    0           
 8.76        103.414     -8.71113    0           
 8.78        103.414     -8.71113    0           
 8.8         103.414     -8.71113    0           
 8.82        103.414     -8.71113    0           
 8.84        103.414     -8.71113    0           
 8.86        103.414     -8.71113    0           
 8.88        103.414     -8.71113    0           
 8.9         103.414     -8.71113    0           
 8.92        103.414     -8.71113    0           
 8.94        103.414     -8.71113    0           
 8.96        103.414     -8.71113    0           
 8.98        103.414     -8.71113    0           
 9           103.414     -8.71113    0           
 9.02        103.414     -8.71113    0           
 9.04        103.414     -8.71113    0           
 9.06        103.414     -8.71113    0           
 9.08        103.414     -8.71113    0           
 9.1         103.414     -8.71113    0           
 9.12        103.414     -8.71113    0           
 9.14        103.414     -8.71113    0           
 9.16        103.414     -8.71113    0           
 9.18        103.414     -8.71113    0           
 9.2         103.414     -8.71113    0           
 9.22        103.414     -8.71113    0           
 9.24        103.414     -8.71113    0           
 9.26        103.414     -8.71113    0           
 9.28        103.414     -8.71113    0           
 9.3         103.414     -8.71113    0           
 9.32        103.414     -8.71113    0           
 9.34        103.414     -8.71113    0           
 9.36        103.414     -8.71113    0           
 9.38        103.414     -8.71113    0           
 9.4         103.414     -8.71113    0           
 9.42        103.414     -8.71113    0           
 9.44        103.414     -8.71113    0           
 9.46        103.414     -8.71113    0           
 9.48        103.414     -8.71113    0           
 9.5         103.414     -8.71113    0           
 9.52        103.414     -8.71113    0           
 9.54        103.414     -8.71113    0           
 9.56        103.414     -8.71113    0           
 9.58        103.414     -8.71113    0           
 9.6         103.414     -8.71113    0           
 9.62        103.414     -8.71113    0           
 9.64        103.414     -8.71113    0           
 9.66        103.414     -8.71113    0           
 9.68        103.414     -8.71113    0           
 9.7         103.414     -8.71113    0           
 9.72        103.414     -8.71113    0           
 9.74        103.414     -8.71113    0           
 9.76        103.414     -8.71113    0           
 9.78        103.414     -8.71113    0           
 9.8         103.414     -8.71113    0           
 9.82        103.414     -8.71113    0           
 9.84        103.414     -8.71113    0           
 9.86        103.414     -8.71113    0           
 9.88        103.414     -8.71113    0           
 9.9         103.414     -8.71113    0           
 9.92        103.414     -8.71113    0           
 9.94        103.414     -8.71113    0           
 9.96        103.414     -8.71113    0           
 9.98        103.414     -8.71113    0           
 10          103.414     -8.71113    0           
 10.02       103.414     -8.71113    0           
 10.04       103.414     -8.71113    0           
 10.06       103.414     -8.71113    0           
 10.08       103.414     -8.71113    0           
 10.1        103.414     -8.71113    0           
 10.12       103.414     -8.71113    0           
 10.14       103.414     -8.71113    0           
 10.16       103.414     -8.71113    0           
 10.18       103.414     -8.71113    0           
 10.2        103.414     -8.71113    0           
 10.22       103.414     -8.71113    0           
 10.24       103.414     -8.71113    0           
 10.26       103.414     -8.71113    0           
 10.28       103.414     -8.71113    0           
 10.3        103.414     -8.71113    0           
 10.32       103.414     -8.71113    0           
 10.34       103.414     -8.71113    0           
 10.36       103.414     -8.71113    0           
 10.38       103.414     -8.71113    0           
 10.4        103.414     -8.71113    0           
 10.42       103.414     -8.71113    0           
 10.44       103.414     -8.71113    0           
 10.46       103.414     -8.71113    0           
 10.48       103.414     -8.71113    0           
 10.5        103.414     -8.71113    0           
 10.52       103.414     -8.71113    0           
 10.54       103.414     -8.71113    0           
 10.56       103.414     -8.71113    0           
 10.58       103.414     -8.71113    0           
 10.6        103.414     -8.71113    0           
 10.62       103.414     -8.71113    0           
 10.64       103.414     -8.71113    0           
 10.66       103.414     -8.71113    0           
 10.68       103.414     -8.71113    0           
 10.7        103.414     -8.71113    0           
 10.72       103.414     -8.71113    0           
 10.74       103.414     -8.71113    0           
 10.76       103.414     -8.71113    0           
 10.78       103.414     -8.71113    0           
 10.8        103.414     -8.71113    0           
 10.82       103.414     -8.71113    0           
 10.84       103.414     -8.71113    0           
 10.86       103.414     -8.71113    0           
 10.88       103.414     -8.71113    0           
 10.9        103.414     -8.71113    0           
 10.92       103.414     -8.71113    0           
 10.94       103.414     -8.71113    0           
 10.96       103.414     -8.71113    0           
 10.98       103.414     -8.71113    0           
 11          103.414     -8.71113    0           
 11.02       103.414     -8.71113    0           
 11.04       103.414     -8.71113    0           
 11.06       103.414     -8.71113    0           
 11.08       103.414     -8.71113    0           
 11.1        103.414     -8.71113    0           
 11.12       103.414     -8.71113    0           
 11.14       103.414     -8.71113    0           
 11.16       103.414     -8.71113    0           
 11.18       103.414     -8.71113    0           
 11.2        103.414     -8.71113    0           
 11.22       103.414     -8.71113    0           
 11.24       103.414     -8.71113    0           
 11.26       103.414     -8.71113    0           
 11.28       103.414     -8.71113    0           
 11.3        103.414     -8.71113    0           
 11.32       103.414     -8.71113    0           
 11.34       103.414     -8.71113    0           
 11.36       103.414     -8.71113    0           
 11.38       103.414     -8.71113    0           
 11.4        103.414     -8.71113    0           
 11.42       103.414     -8.71113    0           
 11.44       103.414     -8.71113    0           
 11.46       103.414     -8.71113    0           
 11.48       103.414     -8.71113    0           
 11.5        103.414     -8.71113    0           
 11.52       103.414     -8.71113    0           
 11.54       103.414     -8.71113    0           
 11.56       103.414     -8.71113    0           
 11.58       103.414     -8.71113    0           
 11.6        103.414     -8.71113    0           
 11.62       103.414     -8.71113    0           
 11.64       103.414     -8.71113    0           
 11.66       103.414     -8.71113    0           
 11.68       103.414     -8.71113    0           
 11.7        103.414     -8.71113    0           
 11.72       103.414     -8.71113    0           
 11.74       103.414     -8.71113    0           
 11.76       103.414     -8.71113    0           
 11.78       103.414     -8.71113    0           
 11.8        103.414     -8.71113    0           
 11.82       103.414     -8.71113    0           
 11.84       103.414     -8.71113    0           
 11.86       103.414     -8.71113    0           
 11.88       103.414     -8.71113    0           
 11.9        103.414     -8.71113    0           
 11.92       103.414     -8.71113    0           
 11.94       103.414     -8.71113    0           
 11.96       103.414     -8.71113    0           
 11.98       103.414     -8.71113    0           
 12          103.414     -8.71113    0           
 12.02       103.414     -8.71113    0           
 12.04       103.414     -8.71113    0           
 12.06       103.414     -8.71113    0           
 12.08       103.414     -8.71113    0           
 12.1        103.414     -8.71113    0           
 12.12       103.414     -8.71113    0           
 12.14       103.414     -8.71113    0           
 12.16       103.414     -8.71113    0           
 12.18       103.414     -8.71113    0           
 12.2        103.414     -8.71113    0           
 12.22       103.414     -8.71113    0           
 12.24       103.414     -8.71113    0           
 12.26       103.414     -8.71113    0           
 12.28       103.414     -8.71113    0           
 12.3        103.414     -8.71113    0           
 12.32       103.414     -8.71113    0           
 12.34       103.414     -8.71113    0           
 12.36       103.414     -8.71113    0           
 12.38       103.414     -8.71113    0           
 12.4        103.414     -8.71113    0           
 12.42       103.414     -8.71113    0           
 12.44       103.414     -8.71113    0           
 12.46       103.414     -8.71113    0           
 12.48       103.414     -8.71113    0           
 12.5        103.414     -8.71113    0           
 12.52       103.414     -8.71113    0           
 12.54       103.414     -8.71113    0           
 12.56       103.414     -8.71113    0           
 12.58       103.414     -8.71113    0           
 12.6        103.414     -8.71113    0           
 12.62       103.414     -8.71113    0           
 12.64       103.414     -8.71113    0           
 12.66       103.414     -8.71113    0           
 12.68       103.414     -8.71113    0           
 12.7        103.414     -8.71113    0           
 12.72       103.414     -8.71113    0           
 12.74       103.414     -8.71113    0           
 12.76       103.414     -8.71113    0           
 12.78       103.414     -8.71113    0           
 12.8        103.414     -8.71113    0           
 12.82       103.414     -8.71113    0           
 12.84       103.414     -8.71113    0           
 12.86       103.414     -8.71113    0           
 12.88       103.414     -8.71113    0           
 12.9        103.414     -8.71113    0           
 12.92       103.414     -8.71113    0           
 12.94       103.414     -8.71113    0           
 12.96       103.414     -8.71113    0           
 12.98       103.414     -8.71113    0           
 13          103.414     -8.71113    0           
 13.02       103.414     -8.71113    0           
 13.04       103.414     -8.71113    0           
 13.06       103.414     -8.71113    0           
 13.08       103.414     -8.71113    0           
 13.1        103.414     -8.71113    0           
 13.12       103.414     -8.71113    0           
 13.14       103.414     -8.71113    0           
 13.16       103.414     -8.71113    0           
 13.18       103.414     -8.71113    0           
 13.2        103.414     -8.71113    0           
 13.22       103.414     -8.71113    0           
 13.24       103.414     -8.71113    0           
 13.26       103.414     -8.71113    0           
 13.28       103.414     -8.71113    0           
 13.3        103.414     -8.71113    0           
 13.32       103.414     -8.71113    0           
 13.34       103.414     -8.71113    0           
 13.36       103.414     -8.71113    0           
 13.38       103.414     -8.71113    0           
 13.4        103.414     -8.71113    0           
 13.42       103.414     -8.71113    0           
 13.44       103.414     -8.71113    0           
 13.46       103.414     -8.71113    0           
 13.48       103.414     -8.71113    0           
 13.5        103.414     -8.71113    0           
 13.52       103.414     -8.71113    0           
 13.54       103.414     -8.71113    0           
 13.56       103.414     -8.71113    0           
 13.58       103.414     -8.71113    0           
 13.6        103.414     -8.71113    0           
 13.62       103.414     -8.71113    0           
 13.64       103.414     -8.71113    0           
 13.66       103.414     -8.71113    0           
 13.68       103.414     -8.71113    0           
 13.7        103.414     -8.71113    0           
 13.72       103.414     -8.71113    0           
 13.74       103.414     -8.71113    0           
 13.76       103.414     -8.71113    0           
 13.78       103.414     -8.71113    0           
 13.8        103.414     -8.71113    0           
 13.82       103.414     -8.71113    0           
 13.84       103.414     -8.71113    0           
 13.86       103.414     -8.71113    0           
 13.88       103.414     -8.71113    0           
 13.9        103.414     -8.71113    0           
 13.92       103.414     -8.71113    0           
 13.94       103.414     -8.71113    0           
 13.96       103.414     -8.71113    0           
 13.98       103.414     -8.71113    0           
 14          103.414     -8.71113    0           
 14.02       103.414     -8.71113    0           
 14.04       103.414     -8.71113    0           
 14.06       103.414     -8.71113    0           
 14.08       103.414     -8.71113    0           
 14.1        103.414     -8.71113    0           
 14.12       103.414     -8.71113    0           
 14.14       103.414     -8.71113    0           
 14.16       103.414     -8.71113    0           
 14.18       103.414     -8.71113    0           
 14.2        103.414     -8.71113    0           
 14.22       103.414     -8.71113    0           
 14.24       103.414     -8.71113    0           
 14.26       103.414     -8.71113    0           
 14.28       103.414     -8.71113    0           
 14.3        103.414     -8.71113    0           
 14.32       103.414     -8.71113    0           
 14.34       103.414     -8.71113    0           
 14.36       103.414     -8.71113    0           
 14.38       103.414     -8.71113    0           
 14.4        103.414     -8.71113    0           
 14.42       103.414     -8.71113    0           
 14.44       103.414     -8.71113    0           
 14.46       103.414     -8.71113    0           
 14.48       103.414     -8.71113    0           
 14.5        103.414     -8.71113    0           
 14.52       103.414     -8.71113    0           
 14.54       103.414     -8.71113    0           
 14.56       103.414     -8.71113    0           
 14.58       103.414     -8.71113    0           
 14.6        103.414     -8.71113    0           
 14.62       103.414     -8.71113    0           
 14.64       103.414     -8.71113    0           
 14.66       103.414     -8.71113    0           
 14.68       103.414     -8.71113    0           
 14.7        103.414     -8.71113    0           
 14.72       103.414     -8.71113    0           
 14.74       103.414     -8.71113    0           
 14.76       103.414     -8.71113    0           
 14.78       103.414     -8.71113    0           
 14.8        103.414     -8.71113    0           
 14.82       103.414     -8.71113    0           
 14.84       103.414     -8.71113    0           
 14.86       103.414     -8.71113    0           
 14.88       103.414     -8.71113    0           
 14.9        103.414     -8.71113    0           
 14.92       103.414     -8.71113    0           
 14.94       103.414     -8.71113    0           
 14.96       103.414     -8.71113    0           
 14.98       103.414     -8.71113    0           
